01-Mar-2017 23:31:21	57
57
Subject	Trial	Condition	PreChangeImg	PostChangeImg	Changelocation	ClickX	ClickY	ReportedChange	Accuracy	RT
99	1	1	3	6	1	1.074352e+03	8.525195e+02	4	0	1.767683
99	2	2	5	2	2	1.085809e+03	6.455859e+02	1	0	1.469869
99	3	1	1	2	1	8.268086e+02	8.749883e+02	1	1	2.494491
99	4	2	5	3	2	6.007266e+02	7.297930e+02	2	1	2.111877
99	5	2	6	5	1	1.075137e+03	3.886562e+02	1	1	1.719509
99	6	1	2	6	4	8.562266e+02	7.521641e+02	4	1	1.776154
99	7	2	1	6	2	8.529727e+02	3.604336e+02	3	0	1.371993
99	8	1	5	1	2	840	525	3	0	1.147044
99	9	1	4	2	1	8.534961e+02	7.426406e+02	3	0	1.396377
99	10	2	6	5	4	1.097867e+03	8.686367e+02	1	0	2.136512
99	11	1	6	2	1	1.083008e+03	7.427969e+02	3	0	1.469014
02-Mar-2017 09:51:55	57
57
Subject	Trial	Condition	PreChangeImg	PostChangeImg	Changelocation	ClickX	ClickY	ReportedChange	Accuracy	RT
99	1	1	3	1	4	1.000648e+03	3.433398e+02	1	0	1.163642
99	2	1	1	2	3	7.062109e+02	6.394492e+02	3	1	1.170361
99	3	2	1	4	1	1.120637e+03	6.030195e+02	3	0	1.200459
02-Mar-2017 09:52:36	57
57
Subject	Trial	Condition	PreChangeImg	PostChangeImg	Changelocation	ClickX	ClickY	ReportedChange	Accuracy	RT
99	1	1	1	5	4	1.146480e+03	5.097539e+02	3	0	1.544252
99	2	1	3	1	2	8.702891e+02	5.202148e+02	2	1	1.223853
99	3	2	3	6	1	1.129637e+03	3.979297e+02	4	0	1.555173
99	4	2	4	6	3	7.914648e+02	6.239766e+02	3	1	1.336863
99	5	1	4	5	4	1.089672e+03	8.293477e+02	4	1	1.600584
99	6	1	1	3	3	7.115547e+02	7.587344e+02	4	0	1.702554
99	7	1	4	1	4	8.180156e+02	3.310156e+02	1	0	1.734852
99	8	1	1	5	3	1.145805e+03	8.168164e+02	3	1	2.037289
99	9	2	6	3	4	9.775742e+02	2.588047e+02	1	0	3.752049
99	10	2	6	3	4	1.085699e+03	8.001406e+02	2	0	3.321201
99	11	2	3	6	4	6.470820e+02	6.418164e+02	2	0	5.006032
99	12	1	5	1	1	8.143984e+02	6.583008e+02	2	0	4.266095
99	13	2	4	2	3	1.098383e+03	3.793828e+02	4	0	2.379986
99	14	2	5	3	3	9.821289e+02	6.459688e+02	4	0	2.354092
99	15	1	3	5	4	9.759922e+02	6.620586e+02	4	1	1.406317
99	16	1	5	3	4	8.724648e+02	6.575742e+02	1	0	2.376208
99	17	2	3	4	3	8.576523e+02	1.871484e+02	3	1	2.149770
99	18	1	6	4	1	9.865469e+02	4.003516e+02	3	0	22.939438
99	19	2	4	1	3	9.406641e+02	6.066133e+02	1	0	8.632824
99	20	2	4	5	1	6.687305e+02	5.099219e+02	3	0	8.379145
99	21	1	1	5	3	6.945000e+02	6.559297e+02	4	0	1.791516
99	22	1	3	4	1	7.006602e+02	3.757539e+02	4	0	1.963347
99	23	2	3	5	1	9.750781e+02	4.194922e+02	1	1	2.067022
07-Mar-2017 22:10:49	57
57
Subject	Trial	Condition	PreChangeImg	PostChangeImg	Changelocation	ClickX	ClickY	ReportedChange	Accuracy	RT
07-Mar-2017 22:50:31	57
57
Subject	Trial	Condition	PreChangeImg	PostChangeImg	Changelocation	ClickX	ClickY	ReportedChange	Accuracy	RT
99	1	1	4	6	3	7.143242e+02	3.040703e+02	1	0	1.278398
99	2	1	6	3	1	7.280586e+02	6.890195e+02	1	1	1.257681
99	3	2	5	6	1	9.445078e+02	7.287578e+02	4	0	1.289027
99	4	2	5	3	2	9.572422e+02	2.291562e+02	2	1	1.506151
99	5	2	5	3	1	7.457891e+02	5.867188e+02	1	1	1.254175
99	6	1	1	4	2	7.269570e+02	1.942812e+02	2	1	2.586632
99	7	2	2	5	1	9.706250e+02	3.899258e+02	2	0	1.436181
99	8	2	4	2	4	6.941641e+02	461	1	0	24.063849
99	9	1	2	6	4	9.710938e+02	6.745000e+02	2	0	1.390448
07-Mar-2017 22:52:37	57
57
Subject	Trial	Condition	PreChangeImg	PostChangeImg	Changelocation	ClickX	ClickY	ReportedChange	Accuracy	RT
